504486
647100
460480
619163
373830
96211
323883
61812
645061
564561
632145
650688
294624
642328
657587
572839
96211
665134
661570
322571
659736
420666
226109
619527
598042
376707
561292
401566
636041
654131
513425
498288
399621
612318
458530
43232
660025
523386
582387
478006
114875
113312
454604
635429
661407
477448
656800
501826
594432
503974
527158
647940
654237
665706
427624
541786
568316
601710
562926
665518
574050
318337
591675
265489
276804
648178
449864
665869
241605
448923
613705
324012
553673
241730
504486
227
